gene_symbol	GSM1319964	GSM1319966	GSM1319968	GSM1319969	GSM1319970	GSM1319971	GSM1319972	GSM1319973	GSM1319975	GSM1319976	GSM1319977	GSM1319979	GSM1319982	GSM1319984	GSM1319985	GSM1319986	GSM1319987
class   	CONTROL	CASE	CONTROL	CONTROL	CONTROL	CONTROL	CONTROL	CONTROL	CASE	CONTROL	CASE	CONTROL	CONTROL	CONTROL	CONTROL	CASE	CASE
a1bg	-0.100025	-0.01229	0.05744	-0.015815	-5.00E-06	0.23237	-0.07024	-0.01093	-0.03967	0.001175	-0.028875	0.035315	-0.03569	0.048465	0.02026	-0.083635	-0.008405
a1bg_as1	0.00143	-0.02432	-0.05834	-0.08639	0.09673	0.21623	-0.03345	0.03965	-0.02103	0.13809	-0.04473	-0.1339	0.054	0.07987	-0.02795	0.08911	-0.00143
a1cf	0.08817	-0.01824	-0.006573	-0.030263	-0.02864	-0.038977	0.012887	0.056727	-0.007113	0.090803	0.0421	-0.030653	0.05763	0.09134	0.079777	-0.107833	-0.00191
a2m	-0.00643	-0.17598	0.72814	0.50024	0.00643	0.52783	-0.32152	0.60059	0.79005	0.11998	-0.38997	0.48594	-0.21553	0.33351	0.31977	0.30496	-0.22102
a2ml1	-0.07684	-0.14298	-0.00499	-0.00883	0.31903	0.05759	-0.08663	0.01975	0.01726	-0.07501	-0.09487	0.09202	-0.05222	-0.14652	0.05514	0.14583	0.13629
a3galt2	0.37268	-0.53553	0.25797	0.28333	0.531	-0.26417	-0.09326	-0.3208	-0.48338	-0.44921	0.21386	0.13054	0.01388	0.03773	-0.35688	0.1259	-0.36078
a4galt	0.00874	0.15194	0.1479	-0.08191	-0.03578	0.06059	0.00639	-0.03713	0.00237	-0.17103	-0.07258	-0.02794	-0.0354	-0.18303	0.0161	-0.00237	-0.19585
a4gnt	0.0088	-0.17197	0.15229	-0.05314	-0.05284	-0.1031	-0.13132	0.15534	0.18746	0.04605	-0.0479	0.17599	0.09042	0.02182	-0.09992	0.16544	-0.06606
