gene_symbol	GSM635904	GSM635905	GSM635906	GSM635907	GSM635908	GSM635909	GSM635910	GSM635911	GSM635912	GSM635913	GSM635914	GSM635915	GSM635916	GSM635917	GSM635918	GSM635919	GSM635920	GSM635921	GSM635922	GSM635923	GSM635924	GSM635925	GSM635926	GSM635927	GSM635928	GSM635929	GSM635930	GSM635931	GSM635932	GSM635933	GSM635934	GSM635935	GSM635936	GSM635937	GSM635938	GSM635939	GSM635940	GSM635941	GSM635942	GSM635943	GSM635944	GSM635945	GSM635946	GSM635947	GSM635948	GSM635949	GSM635950	GSM635951	GSM635952	GSM635953	GSM635954	GSM635955	GSM635956	GSM635957	GSM635958	GSM635959	GSM635960	GSM635961	GSM635962	GSM635963
class	CASE	CASE	CASE	CASE	CASE	CONTROL	CONTROL	CONTROL	CASE	CONTROL	CASE	CASE	CONTROL	CONTROL	CONTROL	CONTROL	CASE	CONTROL	CASE	CASE	CONTROL	CONTROL	CASE	CONTROL	CONTROL	CONTROL	CASE	CONTROL	CONTROL	CASE	CONTROL	CONTROL	CONTROL	CASE	CONTROL	CONTROL	CASE	CONTROL	CONTROL	CASE	CONTROL	CASE	CONTROL	CASE	CONTROL	CONTROL	CONTROL	CASE	CONTROL	CONTROL	CONTROL	CONTROL	CONTROL	CASE	CONTROL	CONTROL	CASE	CONTROL	CASE	CONTROL
a1bg	4.64465	4.64465	4.64465	4.64465	10.7117	10.8139	10.9396	10.793	11.2169	10.632	10.7192	10.8177	10.6283	10.7271	10.9227	11.1434	11.1485	11.0546	11.2791	11.0131	10.4041	10.8368	11.1121	11.1732	11.3807	11.1783	11.2944	11.0524	10.7911	10.7734	10.9185	10.6886	11.1464	10.7629	11.2474	11.0979	11.0502	11.1201	11.0351	10.9726	10.9881	11.0452	11.0452	11.3057	11.4994	11.1619	10.9419	10.8644	10.9373	4.64465	4.64465	4.64465	4.64465	4.64465	4.64465	4.64465	4.64465	4.64465	4.64465	4.64465
a1cf	5.40602	5.5326	5.63523	5.52283	5.42355	5.55523	5.52838	5.38678	5.62311	5.61228	5.48203	5.54638	5.55478	5.4348	5.58571	5.49781	5.43012	5.47993	5.59155	5.52928	5.52426	5.54783	5.41715	5.50901	5.44916	5.51953	5.54102	5.5708	5.43628	5.51574	5.3264	5.35427	5.55863	5.42247	5.42967	5.54433	5.45049	5.46859	5.37094	5.4297	5.46321	5.54922	5.58815	5.59916	5.48434	5.58973	5.49837	5.45031	5.41046	5.64013	5.62803	5.55309	5.58883	5.60564	5.48307	5.58929	5.53106	5.68773	5.58924	5.47941
a2m	5.87523	5.8533	5.89672	5.72454	5.98139	5.86469	5.66998	5.91434	6.08819	6.01306	6.09266	5.92742	5.7165	5.74519	5.87079	5.55399	6.11247	6.00445	5.89805	5.92459	5.83884	5.9672	5.99763	5.58357	5.8182	5.95394	5.87874	5.75355	5.75349	5.8518	5.70327	5.66205	5.76036	5.56533	5.86282	5.59247	5.80957	5.87376	5.72563	5.63862	5.60726	5.74497	5.71773	5.56223	5.76932	5.78713	5.78412	5.82461	5.82242	5.49519	5.80893	5.71965	5.8923	5.65354	5.53078	5.69989	5.60566	5.44187	5.69273	5.67828
a2ml1	5.68739	5.67578	5.6877	5.48836	5.50835	5.63184	5.58491	5.59859	5.52249	5.72396	5.86483	5.69291	5.6794	5.58286	5.46804	5.62437	5.51882	5.63503	5.73121	5.63863	5.55584	5.57148	5.54179	5.35902	5.549	5.61147	5.72486	5.61674	5.54543	5.48811	5.74542	5.70706	5.70112	5.57014	5.40585	5.46548	5.55148	5.49027	5.56422	5.55473	5.63015	5.62333	5.45426	5.55322	5.54005	5.50801	5.57008	5.49895	5.47393	5.41897	5.46277	5.71318	5.65851	5.69811	5.57612	5.49411	5.57012	5.43556	5.66285	5.45818
a3galt2	5.91599	5.84913	5.73988	5.69829	5.72204	5.73739	5.81958	5.90864	5.77398	5.67979	5.68677	5.72292	5.63569	5.51481	5.73261	5.61962	5.71874	5.76218	5.69052	5.45985	5.75335	5.76935	5.66761	5.56517	5.67547	5.56336	5.84498	5.61862	5.67229	5.85947	5.74143	5.7475	5.78005	5.63239	5.77694	5.8585	5.93223	5.76397	5.7093	5.60377	5.77428	5.61228	5.84836	5.71241	5.81862	5.64739	5.61611	5.74973	5.64377	5.65907	5.87027	5.57969	5.6906	5.7088	5.78125	5.55658	5.69963	5.81854	5.62621	5.86417
a4galt	10.1999	9.66757	10.2987	9.5204	12.7121	13.0505	12.7364	12.743	12.4334	12.543	12.4766	12.2996	12.133	12.7193	12.3699	12.5877	12.6101	12.5046	12.4853	12.7045	12.7634	12.7364	12.5953	12.6428	12.96	12.6027	12.4477	12.5345	12.3763	12.4477	12.7364	12.4766	12.5117	12.4477	12.1894	12.4052	12.5648	12.6428	12.5877	12.3835	12.4556	12.9417	12.5719	12.2573	12.7784	12.3514	12.2425	12.4123	12.4556	10.5986	9.80205	9.87617	9.78035	9.10697	9.55059	9.97081	9.56563	9.65626	9.87417	10.2112
a4gnt	5.59385	5.37875	5.66597	5.61981	5.84427	5.79538	5.86852	5.99546	5.80271	5.91241	5.91332	5.49995	5.95841	5.62103	5.85621	5.84089	5.83939	5.73879	5.70497	5.73845	5.70963	5.69069	5.78442	6.02061	5.86042	5.69511	5.95218	5.95591	5.6061	5.61551	5.85008	5.78861	5.68076	5.86116	5.84024	5.71019	5.79175	5.65277	5.73056	5.87435	5.87203	5.60021	5.69849	5.89648	5.72401	5.88042	5.85208	5.82116	5.68198	5.57047	5.58227	5.65829	5.31234	5.42072	5.61711	5.53297	5.53065	5.48422	5.55628	5.74918
aaas	7.07719	6.4558	6.56143	7.00139	6.73519	6.54965	6.03268	6.23336	6.19758	6.45343	6.30755	6.34574	6.59731	6.32448	6.47977	6.29099	6.4796	6.79167	6.40565	6.12133	6.61611	6.29337	6.33478	6.39445	6.18006	6.36307	6.19876	6.58754	6.53546	6.61902	6.90179	6.53584	6.34414	6.90752	6.86654	6.66888	6.6325	6.42623	6.65983	6.69609	6.70521	7.01596	6.27023	6.17056	6.42569	6.70682	6.94331	6.82651	6.90427	6.15854	7.1493	6.73135	7.65724	7.1627	6.62558	6.90538	6.27506	7.28132	7.27306	7.22362
aacs	5.45918	5.42613	5.47113	5.35684	5.32913	5.15645	5.30603	5.50747	5.31889	5.49313	5.34355	5.35186	5.27213	5.39711	5.51286	5.27459	5.43525	5.32891	5.3725	5.18949	5.31915	5.29968	5.38353	5.55466	5.47476	5.47186	5.31266	5.38249	5.35977	5.39842	5.2786	5.50561	5.33534	5.21744	5.18979	5.35706	5.34359	5.42865	5.2008	5.26264	5.45265	5.54794	5.4789	5.2687	5.39505	5.39645	5.38143	5.55765	5.41797	5.43449	5.50485	5.46818	5.47257	5.39443	5.47781	5.3443	5.43562	5.5355	5.43036	5.47902
aacsp1	9.72952	9.96787	10.291	10.2608	9.95433	10.187	9.63664	9.73478	10.007	9.5513	9.64217	9.39096	10.2661	9.86872	9.76365	9.99831	9.84529	9.76726	10.0291	10.1164	9.85085	10.0863	9.96681	9.21138	10.0576	9.91302	9.63198	10.0029	9.32597	9.5204	9.75725	9.77721	9.66194	9.2212	9.37863	9.73364	9.51869	9.88021	9.5732	9.33097	9.6048	9.59107	9.70057	9.5298	9.81246	9.94897	10.2301	9.64529	9.80468	9.82252	10.0536	10.2872	10.1187	9.94998	10.4688	10.0402	10.2102	9.7726	9.61358	9.21658
aadac	7.70479	8.23446	8.16278	8.353	7.74343	8.05244	8.07589	8.04788	7.85788	7.96374	8.03306	7.93579	8.22264	8.13113	8.17162	7.94598	8.05054	8.26747	7.78354	7.97615	8.2863	8.20482	8.12854	8.02111	7.89308	8.10135	7.79549	8.05141	8.50255	8.15985	8.2821	8.24698	7.89387	7.9459	8.40318	8.28053	7.99473	8.10603	8.07079	8.05894	8.38181	8.16319	7.9733	7.91891	8.04361	8.07822	8.38605	7.79724	8.15477	8.0006	8.2585	8.22285	8.18507	8.28482	8.31405	8.09494	7.93289	8.15846	8.27467	8.14098
aadacl2	5.81623	5.90011	5.85482	6.02568	5.97985	5.81768	5.82655	5.67064	6.10243	5.9097	5.82615	5.71412	5.68869	5.86079	5.91807	6.00386	6.04891	5.75321	5.90987	5.76355	5.9549	5.93467	5.88631	5.89738	5.94277	5.93297	5.84125	5.95929	5.76485	5.77261	5.83535	5.88259	5.86169	5.92551	5.86409	5.81793	5.75145	5.83831	5.75567	5.85459	5.85819	6.05289	5.93527	5.89858	5.73792	5.97824	6.0374	5.93592	6.0069	5.53383	5.71632	5.68423	5.92619	5.60768	5.91639	5.82587	5.79586	5.64709	6.0471	5.89967
aadacl3	6.01865	5.67281	5.74502	5.84287	5.74455	5.7445	5.75031	5.58756	5.68246	5.65419	5.79982	5.55822	5.88734	5.84152	5.88539	5.75257	5.69438	5.82692	5.87327	5.93193	5.84106	5.89073	5.84933	5.86428	5.84424	5.7562	5.89539	5.70815	5.73007	5.86781	5.79218	5.71076	5.87989	5.85491	5.75531	5.86954	5.80259	5.71989	5.7521	5.65542	5.89265	5.84729	5.81889	5.95594	6.00687	5.64464	5.78594	5.73636	5.72607	5.79836	5.80799	5.92328	5.8915	6.3382	5.93206	5.92469	5.88711	5.87843	5.93618	5.8358
aadacl4	6.87444	6.86937	6.90802	6.78547	6.73399	6.71952	6.68657	6.75459	6.64979	6.77046	6.74627	6.66306	6.82183	6.64429	6.77905	6.73149	6.73197	6.88913	6.79211	6.9255	6.7873	6.8131	6.69518	6.75476	6.63082	6.72601	6.73114	6.69946	6.84673	6.67192	6.69156	6.74743	6.43868	6.80002	6.72546	6.79549	6.78357	6.79076	6.70942	6.78735	6.76073	6.79374	6.77539	6.76485	6.64334	6.83122	6.77243	6.58259	6.62761	6.75322	6.93536	6.86985	6.97604	6.81124	7.08669	6.8028	6.8518	6.97299	7.01936	6.92844
aadat	5.46124	5.47396	5.46027	5.31912	5.54552	5.60498	5.53719	5.27941	5.19411	5.33814	5.33902	5.35051	5.51602	5.36695	5.47313	5.39315	5.49517	5.42481	5.43058	5.46989	5.41826	5.41372	5.41815	5.49755	5.47804	5.5979	5.56814	5.3779	5.41551	5.44451	5.5876	5.50617	5.3238	5.56655	5.54443	5.45727	5.64116	5.71074	5.60042	5.30614	5.39219	5.31147	5.51475	5.4738	5.47362	5.66006	5.48417	5.50439	5.53318	5.64572	5.37204	5.60197	5.42106	5.44676	5.39836	5.46741	5.39679	5.39179	5.45766	5.48901
aaed1	5.80002	5.85271	5.58821	5.67319	5.62771	5.58679	5.56458	5.56563	5.72686	5.88919	5.60851	5.72878	5.6937	5.5945	5.59691	5.64987	5.73754	5.74629	5.64186	5.5716	5.66146	5.68175	5.68613	5.55983	6.02994	5.48117	5.65901	5.72938	5.58854	5.61242	5.6606	5.65971	5.61644	5.59861	5.63032	5.50489	5.58359	5.88996	5.7468	5.72435	5.68307	5.87586	5.73542	5.78294	5.87725	5.68676	5.80521	5.6466	5.64094	5.55918	5.62259	5.50852	5.61356	5.839	5.57702	5.60127	5.48461	5.59796	5.66389	5.61558
aagab	5.65327	5.69464	5.88099	5.70925	5.63522	5.57422	5.76791	5.45879	5.58632	5.64117	5.54832	5.54165	5.37905	5.52152	5.56052	5.42408	5.62248	5.39005	5.17615	5.39267	5.3739	5.67826	5.61119	5.40014	5.6194	5.61955	5.50306	5.62613	5.6068	5.55049	5.3631	5.691	5.47274	5.52575	5.59633	5.55531	5.44968	5.40604	5.5721	5.31156	5.38522	5.67803	5.61496	5.57415	5.60428	5.40804	5.62464	5.61924	5.51629	5.53656	5.77425	5.71274	5.54349	5.707	5.60548	5.72177	5.77293	5.80243	5.78854	5.63707
aak1	5.80563	5.89785	5.86918	5.84703	6.27754	6.09859	5.74232	5.83806	5.94302	5.97998	6.23566	6.09895	6.03932	6.16056	5.99672	6.01955	6.04094	5.94579	5.91837	6.07491	5.895	6.06692	6.46326	5.96187	6.29875	6.05744	6.2322	6.03306	6.10908	5.97215	6.04526	5.9435	5.84313	5.90707	6.21275	5.94716	5.87082	5.77818	5.8109	5.8835	5.84345	5.77645	5.8608	5.83823	5.77494	5.89904	5.93908	5.89911	6.00757	5.63336	5.59873	5.82183	5.8047	5.89304	5.9326	5.77799	5.74066	5.79958	5.944	6.05911
aamdc	9.43628	10.5418	9.65544	11.4389	9.59865	10.4163	11.2791	9.66947	11.2791	10.489	8.4009	10.0098	9.25263	9.0777	10.5366	9.37529	11.0575	9.66654	11.5864	10.8522	7.59898	8.53921	9.0729	9.73589	10.0721	10.1914	11.4238	9.47612	10.489	10.2371	8.84029	10.3756	11.0405	9.87617	10.6024	8.99189	10.7673	10.4586	9.5453	10.2987	10.6354	7.96643	9.1224	11.0602	9.92796	10.3714	8.39084	10.1795	9.14403	10.3	9.97081	9.67662	9.52629	10.6795	10.9095	11.496	12.5274	10.5462	8.9489	10.1026
