gene_symbol	GSM1917660	GSM1917661	GSM1917662	GSM1917663	GSM1917664	GSM1917665	GSM1917666	GSM1917667	GSM1917668	GSM1917669	GSM1917670	GSM1917671	GSM1917672	GSM1917673	GSM1917674	GSM1917675	GSM1917676	GSM1917677	GSM1917678	GSM1917679	GSM1917680	GSM1917681	GSM1917682	GSM1917683	GSM1917684
class   	1	1	1	1	1	1	1	1	1	1	1	1	1	1	1	0	0	0	0	0	0	0	0	0	0
a1bg	0.009	-0.4015	-0.285	-0.201	-0.327	-0.4875	-0.3725	0.07	0.4635	0.1725	0.074	0.206	-0.066	-0.1135	-0.3395	-0.1745	-0.268	0.406	-0.146	-0.429	0.3415	-0.02	-0.45	0.002	-0.119
a1bg_as1	-0.252	-0.198	0.007	-0.08	-0.46	0.088	-0.092	0.129	0.204	-0.132	0.135	0.208	0.271	0.104	-0.606	-0.022	0.045	0.516	-0.396	0.114	0.322	0.208	-0.224	0.076	0.224
a1cf	0.59	-0.2501	0.1794	0.1541	0.0597	0.2717	0.4398	0.2747	0.0509	1.3488	0.5757	0.1357	0.733	0.5265	-0.0008	0.6953	0.9771	0.7428	0.9954	0.485	2.0182	1.0271	0.2951	0.5871	0.6502
a2m	-1.0809	-1.8433	-1.0815	-1.2322	-0.8548	-1.5237	-0.8125	-0.8002	-0.227	0.3694	-0.2979	-0.8502	-0.1949	-0.0801	-0.3754	0.5624	0.205	0.3212	0.1768	-0.3433	-0.5802	-0.5536	-0.4193	-0.0888	-0.6119
a2m_as1	0.264	0.058	0.309	0.069	-0.119	0.082	0.154	-0.003	-0.015	0.023	0.153	0.025	-0.069	-0.135	0.267	0.176	0.411	0.029	0.373	-0.036	0.046	0.078	0.205	0.156	0.282
a2ml1	-0.274	-1.185	-1.671	-1.372	-1.59	-0.256	-0.187	0.435	0.565	-0.324	-0.073	0.371	-0.06	-0.196	-0.655	-0.709	-0.385	-0.62	-0.042	-1.062	-0.539	-0.975	-0.844	-1.037	-0.491
a2mp1	-0.111	-0.332	0.107	-0.012	-0.177	-0.158	0.034	-0.123	0.03	-0.088	-0.005	0.033	-0.158	-0.176	0.152	0.146	0.019	0.101	0.07	-0.028	-0.4	-0.138	0.104	-0.054	0.076
a4galt	0.147	0.105	0.465	0.532	0.12	0.38	0.217	0.141	-0.135	0.452	0.477	0.051	0.585	0.315	0.502	0.519	0.47	0.439	0.233	0.679	0.81	0.565	0.476	0.549	0.273
